     0/299     1.37G    0.1031   0.02904         0    0.1322        10       640  0.003664    0.1429  0.004677 0.0007259    0.1011   0.02487         0
     1/299     1.57G    0.1005   0.02764         0    0.1282         7       640  0.005466    0.1429  0.004273  0.001068   0.09808   0.02393         0
     2/299     1.57G   0.09958   0.02903         0    0.1286         5       640  0.004613    0.4286  0.004503  0.001105   0.09887   0.02129         0
     3/299     1.57G   0.09249   0.02848         0     0.121        10       640   0.01316    0.1429   0.01162  0.002921   0.09905   0.01855         0
     4/299     1.57G   0.09133   0.02775         0    0.1191         9       640  0.006173    0.2857  0.005111  0.001104    0.1016    0.0166         0
     5/299     1.57G   0.08263   0.02828         0    0.1109         5       640   0.01644    0.1429  0.005511  0.001037   0.09649   0.01571         0
     6/299     1.57G   0.08407   0.02904         0    0.1131         7       640  0.006483    0.4286  0.003614 0.0007067   0.08941   0.01559         0
     7/299     1.57G   0.08694   0.02533         0    0.1123         5       640   0.01783    0.1429   0.00505 0.0005131   0.08717   0.01634         0
     8/299     1.57G   0.07846   0.02798         0    0.1064         7       640   0.01534    0.1429  0.005246 0.0005687   0.08564   0.01608         0
     9/299     1.57G   0.08088   0.02528         0    0.1062         4       640   0.01506    0.1429   0.01039  0.001295   0.07718    0.0162         0
    10/299     1.57G   0.07454   0.02774         0    0.1023         8       640   0.02225    0.7143   0.02092  0.003541   0.06887   0.01721         0
    11/299     1.57G   0.07293   0.02787         0    0.1008         6       640    0.1405    0.2857   0.06582   0.01982   0.06323   0.01759         0
    12/299     1.57G   0.08218   0.02794         0    0.1101        13       640   0.04506    0.2857   0.02007   0.00384   0.06305   0.01724         0
    13/299     1.57G   0.07494    0.0293         0    0.1042        11       640    0.8686    0.1429    0.1965   0.02368   0.06213   0.01733         0
    14/299     1.57G   0.07348   0.02673         0    0.1002         7       640    0.6555    0.2761    0.2877   0.08122   0.06204   0.01702         0
    15/299     1.57G   0.06702   0.02609         0   0.09311         8       640    0.2424    0.2857    0.2622    0.0605   0.06044   0.01692         0
    16/299     1.57G   0.07396   0.02681         0    0.1008         8       640    0.1115    0.5714    0.1106   0.02306      0.06    0.0169         0
    17/299     1.57G   0.06531   0.02932         0   0.09463         4       640         1    0.2816    0.4429    0.1036   0.05528   0.01703         0
    18/299     1.57G   0.06838    0.0279         0   0.09628        10       640     0.429    0.5714    0.4015   0.06686   0.05288   0.01654         0
    19/299     1.57G   0.06379   0.02882         0   0.09261        11       640    0.9048    0.2857    0.4009   0.07152   0.05461   0.01674         0
    20/299     1.57G   0.06734   0.02552         0   0.09285         5       640    0.5456    0.6887    0.4817    0.1062   0.05099   0.01613         0
    21/299     1.57G   0.06779   0.02639         0   0.09418         4       640    0.3266    0.5556    0.2674   0.05365   0.05885   0.01627         0
    22/299     1.57G    0.0617   0.02901         0   0.09071        12       640    0.4199    0.4156    0.2448   0.05848   0.05618   0.01589         0
    23/299     1.57G   0.06157   0.02299         0   0.08456         4       640    0.3312    0.5664    0.3252    0.1222   0.05949   0.01536         0
    24/299     1.57G   0.05413   0.02609         0   0.08022         4       640     0.499    0.2849    0.3066    0.1155   0.05823   0.01514         0
    25/299     1.57G   0.05955   0.02578         0   0.08533         4       640    0.3333    0.7143    0.4618    0.1862   0.05187   0.01592         0
    26/299     1.57G   0.05676    0.0251         0   0.08186        10       640    0.3814    0.7143    0.5048    0.1103   0.05306   0.01545         0
    27/299     1.57G   0.05712   0.02528         0    0.0824         7       640    0.4976    0.7143    0.5143    0.1153    0.0543   0.01432         0
    28/299     1.57G   0.05709   0.02225         0   0.07935         7       640    0.4895    0.7143    0.5761   0.09814   0.05293   0.01384         0
    29/299     1.57G   0.05863    0.0256         0   0.08423        10       640    0.5376         1     0.757    0.1741   0.05216   0.01344         0
    30/299     1.57G   0.05908   0.02368         0   0.08276         9       640    0.3125    0.8571    0.4355   0.05533   0.05362   0.01261         0
    31/299     1.57G   0.06041   0.02474         0   0.08515        11       640    0.9958    0.5714    0.8089    0.2365   0.04816   0.01252         0
    32/299     1.57G   0.05752   0.02648         0     0.084         7       640    0.7977    0.5714    0.6682    0.2107   0.04953   0.01154         0
    33/299     1.57G   0.05647   0.02377         0   0.08024         5       640         1    0.7138    0.8954     0.289   0.04451   0.01173         0
    34/299     1.57G   0.04924   0.02072         0   0.06996         6       640    0.7778    0.9999    0.9239    0.2799   0.04846   0.01118         0
    35/299     1.57G   0.05153   0.02127         0    0.0728         7       640    0.8325    0.7106     0.711     0.138    0.0542   0.01063         0
    36/299     1.57G   0.05622   0.02193         0   0.07814        13       640    0.5714    0.5714    0.5399   0.07291    0.0516   0.01106         0
    37/299     1.57G   0.05604   0.02335         0   0.07939         9       640    0.4085    0.9874    0.4966    0.1549   0.05416   0.01096         0
    38/299     1.57G   0.05425   0.02193         0   0.07618        12       640    0.7477    0.8571    0.8784     0.218   0.05218   0.01047         0
    39/299     1.57G   0.05312   0.02325         0   0.07637         7       640    0.9986    0.8571    0.9066    0.3469   0.04329    0.0112         0
    40/299     1.57G   0.05446   0.02046         0   0.07493        10       640    0.9979    0.7143    0.8737    0.3638   0.04995   0.01071         0
    41/299     1.57G   0.06408   0.02088         0   0.08496        10       640    0.8301    0.7143    0.8427    0.3229   0.05505   0.01064         0
    42/299     1.57G   0.05892   0.02152         0   0.08044        11       640    0.7482    0.8571    0.8417    0.3594   0.05295   0.01026         0
    43/299     1.57G   0.05629   0.02222         0   0.07851         7       640    0.8569    0.8571     0.913    0.3628   0.04706   0.01067         0
    44/299     1.57G   0.05322   0.02086         0   0.07408         7       640    0.5438    0.8571    0.6117    0.1968   0.04577  0.009804         0
    45/299     1.57G   0.06279   0.01857         0   0.08136         8       640    0.6995         1     0.871    0.2594   0.05588   0.00914         0
    46/299     1.57G    0.0553   0.02132         0   0.07662         4       640    0.7769         1    0.9328    0.5126   0.04729  0.009788         0
    47/299     1.57G   0.05084   0.02223         0   0.07308        10       640    0.8749    0.9994    0.9425    0.3367   0.04228   0.00997         0
    48/299     1.57G   0.04921   0.02022         0   0.06943         6       640    0.8749    0.9988      0.96    0.3046   0.04624  0.009504         0
    49/299     1.57G   0.05842   0.02039         0   0.07881         8       640    0.8323    0.7143    0.7455    0.2884   0.04626   0.01054         0
    50/299     1.57G   0.04959   0.01977         0   0.06936         8       640    0.9972    0.7143    0.7846    0.3679   0.04729   0.01052         0
    51/299     1.57G   0.05027   0.01863         0    0.0689         8       640    0.8329    0.7143     0.782    0.2995   0.05412  0.009636         0
    52/299     1.57G   0.05286    0.0197         0   0.07257        11       640     0.856         1    0.9425    0.4401   0.04613  0.008788         0
    53/299     1.57G   0.04966   0.01745         0   0.06711         6       640    0.5453    0.8565    0.6938    0.1767   0.04648  0.009043         0
    54/299     1.57G   0.05094   0.01998         0   0.07091        13       640    0.6345         1    0.7928    0.2126   0.04074  0.009098         0
    55/299     1.57G   0.04485   0.01889         0   0.06374         4       640    0.9977    0.5714    0.7857    0.4807   0.04374  0.009039         0
    56/299     1.57G   0.04977   0.01852         0   0.06829         8       640         1    0.8565     0.953    0.4728   0.04597  0.008557         0
    57/299     1.57G   0.04907   0.01891         0   0.06798        12       640    0.4994         1    0.6935    0.0803   0.05085  0.008008         0
    58/299     1.57G   0.05614     0.018         0   0.07413         6       640    0.4113         1    0.4605    0.1338   0.05388  0.007889         0
    59/299     1.57G   0.05426   0.01629         0   0.07054         8       640    0.9921    0.7143    0.8744    0.3262   0.04171  0.009834         0
    60/299     1.57G   0.05032   0.02007         0   0.07039        11       640    0.7771    0.9965    0.8611    0.4604   0.04417  0.009968         0
    61/299     1.57G   0.04667   0.02025         0   0.06692        11       640    0.9994         1     0.995    0.5173   0.03585   0.01019         0
    62/299     1.57G   0.04409    0.0177         0   0.06179         4       640    0.8749    0.9993    0.9775    0.5491   0.03578  0.009609         0
    63/299     1.57G   0.04191   0.01738         0   0.05929         4       640         1    0.9988     0.995    0.2325   0.04383   0.00826         0
    64/299     1.57G   0.04994   0.01719         0   0.06713         9       640         1    0.8562     0.953    0.5598   0.04385  0.007848         0
    65/299     1.57G   0.04727   0.01593         0    0.0632         5       640         1    0.9984     0.995    0.5377    0.0443  0.007631         0
    66/299     1.57G   0.04613   0.01818         0   0.06431         4       640    0.9998         1     0.995    0.4725   0.04481    0.0073         0
    67/299     1.57G   0.04822   0.01748         0    0.0657        10       640         1    0.7122    0.8777    0.3061   0.04365  0.007129         0
    68/299     1.57G   0.05335   0.01478         0   0.06813         6       640    0.7496    0.8557    0.8858    0.4661   0.03833  0.007595         0
    69/299     1.57G   0.05166    0.0159         0   0.06756         8       640    0.5816         1    0.6584    0.3029   0.05482  0.007531         0
    70/299     1.57G   0.06165   0.01473         0   0.07637         9       640    0.7996    0.5714    0.6478    0.3849   0.05188  0.008773         0
    71/299     1.57G   0.05168   0.01711         0   0.06879         8       640    0.9994    0.5714    0.7743    0.4891   0.04562  0.009189         0
    72/299     1.57G   0.04774   0.01917         0   0.06691        10       640         1    0.8568    0.9367    0.5625   0.03783  0.008043         0
    73/299     1.57G   0.04596   0.01696         0   0.06292        10       640         1    0.8567    0.9639    0.2424   0.04271  0.007951         0
    74/299     1.57G   0.05101   0.01683         0   0.06784        10       640     0.387         1    0.5772    0.1403   0.04613  0.007946         0
    75/299     1.57G   0.05353   0.01553         0   0.06905        10       640    0.4983    0.7143    0.6503    0.3474   0.04246  0.007863         0
    76/299     1.57G   0.04655   0.01799         0   0.06455        11       640    0.9996         1     0.995    0.5347   0.03519  0.007139         0
    77/299     1.57G   0.04361   0.01702         0   0.06064        11       640    0.6348         1    0.8024    0.4458   0.03451  0.007388         0
    78/299     1.57G   0.04587   0.01633         0    0.0622         7       640    0.7778    0.9999    0.8625    0.5448   0.03903  0.006557         0
    79/299     1.57G   0.04674   0.01477         0   0.06151         8       640    0.9999         1     0.995    0.4917   0.03869  0.006785         0
    80/299     1.57G   0.04749   0.01451         0   0.06201         5       640    0.9982    0.8571    0.9095    0.1984   0.04563   0.00676         0
    81/299     1.57G   0.04212   0.01631         0   0.05844         6       640    0.9986         1     0.995    0.5084   0.03325  0.007497         0
    82/299     1.57G     0.043   0.01775         0   0.06075        11       640    0.9997         1     0.995    0.6534   0.03982  0.006233         0
    83/299     1.57G   0.04145   0.01563         0   0.05708        10       640    0.9991         1     0.995    0.5717   0.03306  0.006678         0
    84/299     1.57G   0.04667   0.01529         0   0.06196         7       640    0.5454    0.8571    0.6572    0.1781   0.05715  0.006171         0
    85/299     1.57G   0.05768   0.01559         0   0.07327         7       640    0.6355         1    0.7563    0.2249    0.0456  0.006521         0
    86/299     1.57G   0.04608   0.01349         0   0.05957         5       640    0.8738         1    0.9238    0.3866   0.04111    0.0067         0
    87/299     1.57G   0.04758   0.01686         0   0.06445        13       640    0.9849    0.8571     0.953    0.3701   0.04202  0.006559         0
    88/299     1.57G    0.0489   0.01601         0    0.0649         8       640    0.9996         1     0.995     0.482   0.04083  0.006551         0
    89/299     1.57G   0.04731   0.01489         0    0.0622         9       640    0.9995         1     0.995    0.4389   0.03679  0.006468         0
    90/299     1.57G   0.04424   0.01551         0   0.05975         5       640    0.9998         1     0.995    0.6067    0.0378  0.006288         0
    91/299     1.57G    0.0439    0.0143         0    0.0582         7       640    0.6363         1    0.8575    0.3755    0.0404  0.006358         0
    92/299     1.57G     0.047   0.01657         0   0.06357         7       640    0.8571    0.8571     0.905    0.3707   0.03824  0.006364         0
    93/299     1.57G   0.04072   0.01314         0   0.05386         8       640    0.9999         1     0.995    0.5847   0.02999  0.006359         0
    94/299     1.57G    0.0401    0.0148         0   0.05491        12       640    0.8558    0.8571     0.933    0.3521   0.04561  0.005874         0
    95/299     1.57G   0.04746   0.01217         0   0.05964         8       640         1    0.8564     0.925     0.482   0.03784  0.006076         0
    96/299     1.57G   0.04351    0.0152         0    0.0587        11       640         1    0.9998     0.995    0.4978   0.03527  0.006377         0
    97/299     1.57G   0.03819   0.01408         0   0.05227         5       640         1    0.9998     0.995    0.5296   0.03544  0.006415         0
    98/299     1.57G   0.03598   0.01594         0   0.05192        10       640    0.8749         1    0.9775    0.5337    0.0375  0.006158         0
    99/299     1.57G   0.04245    0.0145         0   0.05695        12       640    0.9995         1     0.995    0.5156   0.03508  0.005943         0
   100/299     1.57G    0.0382   0.01483         0   0.05303        15       640         1         1     0.995    0.5384   0.03113  0.005921         0
   101/299     1.57G   0.03753     0.014         0   0.05152         9       640    0.9999         1     0.995    0.6685   0.03468  0.005629         0
   102/299     1.57G   0.03823    0.0128         0   0.05103         6       640         1    0.9998     0.995    0.6115   0.03145  0.005753         0
   103/299     1.57G   0.04131   0.01221         0   0.05353         8       640         1    0.9998     0.995    0.6115   0.03145  0.005753         0
   104/299     1.57G   0.04181   0.01477         0   0.05658         8       640    0.8747         1    0.9063    0.2591   0.05022   0.00542         0
   105/299     1.57G   0.05494   0.01324         0   0.06818         7       640    0.5833         1    0.7015    0.2725    0.0429  0.005759         0
   106/299     1.57G    0.0473   0.01536         0   0.06267        11       640    0.9999         1    0.9951    0.6231   0.03228  0.006056         0
   107/299     1.57G   0.03856   0.01426         0   0.05282         7       640    0.9998         1    0.9951    0.7068   0.02951  0.005591         0
   108/299     1.57G   0.03713   0.01369         0   0.05082         8       640    0.9997         1    0.9951    0.6078   0.02987  0.005466         0
   109/299     1.57G   0.03802   0.01405         0   0.05207         9       640    0.9998         1    0.9951    0.5923   0.03085  0.005385         0
   110/299     1.57G   0.03391   0.01227         0   0.04618         6       640    0.9998         1    0.9951    0.5726   0.02902  0.005385         0
   111/299     1.57G   0.03575   0.01341         0   0.04916         9       640    0.9998         1    0.9951    0.5674   0.02833  0.005282         0
   112/299     1.57G   0.03557   0.01551         0   0.05107         7       640    0.9999         1    0.9951     0.685   0.02573  0.005342         0
   113/299     1.57G   0.04015   0.01378         0   0.05393         5       640     0.875    0.9998    0.9063    0.3439     0.047  0.005702         0
   114/299     1.57G    0.0518   0.01393         0   0.06574         7       640         1    0.9998    0.9951    0.5025   0.03628  0.005847         0
   115/299     1.57G   0.04339   0.01592         0   0.05931        11       640    0.9924         1    0.9951    0.6604   0.03357  0.005487         0
   116/299     1.57G   0.03467   0.01258         0   0.04725         5       640    0.9999         1    0.9951    0.6315    0.0318  0.005675         0
   117/299     1.57G   0.03451   0.01408         0   0.04859         6       640    0.9998         1    0.9951    0.5852   0.03009  0.005802         0
   118/299     1.57G   0.03118   0.01294         0   0.04412        10       640    0.9999         1    0.9951    0.5632   0.03006  0.005896         0
   119/299     1.57G   0.03173   0.01352         0   0.04526         5       640    0.9998         1    0.9951    0.5536   0.02947  0.005918         0
   120/299     1.57G   0.03633   0.01491         0   0.05124        11       640    0.9996         1    0.9951    0.6412   0.03364  0.005589         0
   121/299     1.57G   0.03821   0.01274         0   0.05095         6       640    0.8748         1    0.8888    0.4473   0.03265  0.005537         0
   122/299     1.57G   0.04265   0.01157         0   0.05422         9       640         1         1    0.9951    0.3781   0.03987  0.005661         0
   123/299     1.57G   0.04298   0.01387         0   0.05685         6       640         1    0.9996    0.9951    0.6575   0.03005  0.005597         0
   124/299     1.57G   0.03451   0.01484         0   0.04935         5       640         1         1    0.9951    0.6416   0.02328  0.005654         0
   125/299     1.57G   0.03169   0.01358         0   0.04527         9       640    0.9998         1    0.9951    0.6908   0.02396  0.005429         0
   126/299     1.57G   0.03233   0.01262         0   0.04495         9       640    0.9999         1    0.9951     0.686   0.02571  0.005422         0
   127/299     1.57G   0.03281   0.01358         0   0.04638        10       640    0.9998         1    0.9951    0.6592   0.02786  0.005381         0
   128/299     1.57G   0.03138   0.01282         0    0.0442         7       640    0.9999         1    0.9951    0.5568   0.03239  0.005421         0
   129/299     1.57G   0.03641   0.01374         0   0.05015         9       640    0.8747         1    0.9776     0.478   0.03153  0.005542         0
   130/299     1.57G   0.03988   0.01325         0   0.05313         8       640    0.9999         1    0.9951    0.5341    0.0323  0.005605         0
   131/299     1.57G   0.03718   0.01189         0   0.04906         7       640         1    0.9998    0.9951    0.5929   0.02958  0.005581         0
   132/299     1.57G   0.03065    0.0121         0   0.04274        10       640         1    0.9998    0.9951    0.5893   0.02823  0.005884         0
   133/299     1.57G   0.02832   0.01313         0   0.04145        10       640         1    0.9999    0.9951    0.6569    0.0264  0.005365         0
   134/299     1.57G   0.03206   0.01217         0   0.04423         8       640         1    0.9998    0.9951    0.6684   0.02506  0.005567         0
   135/299     1.57G   0.03371   0.01229         0     0.046         7       640         1    0.9998    0.9951    0.6597    0.0257  0.005564         0
   136/299     1.57G   0.03014   0.01112         0   0.04126         9       640    0.8749         1    0.9239    0.3261   0.03634  0.005715         0
   137/299     1.57G   0.04262   0.01299         0   0.05561         8       640    0.8738         1    0.9776    0.4602    0.0394  0.006262         0
   138/299     1.57G   0.03902   0.01284         0   0.05186        10       640     0.875    0.9996    0.9776    0.5407   0.03457  0.006881         0
   139/299     1.57G   0.03141   0.01129         0    0.0427         7       640         1         1    0.9951    0.6468   0.02881  0.006819         0
   140/299     1.57G   0.03044   0.01316         0   0.04359         9       640         1    0.9998    0.9951    0.6456   0.02781  0.006055         0
   141/299     1.57G   0.02971   0.01229         0     0.042         9       640         1         1    0.9951    0.6692   0.02799   0.00576         0
   142/299     1.57G   0.03129   0.01216         0   0.04344         6       640         1    0.9999    0.9951    0.6644   0.02682  0.005452         0
   143/299     1.57G   0.02784   0.01182         0   0.03966         7       640    0.9998         1    0.9951    0.6808   0.02546  0.005376         0
   144/299     1.57G   0.03045   0.01383         0   0.04428         5       640    0.9999         1    0.9951    0.5533    0.0317   0.00497         0
   145/299     1.57G   0.03604   0.01196         0     0.048         4       640    0.9999         1    0.9951    0.4115    0.0367  0.005302         0
   146/299     1.57G   0.04495   0.01262         0   0.05757         9       640         1         1    0.9952     0.627   0.02619  0.005038         0
   147/299     1.57G   0.03388   0.01267         0   0.04656        10       640         1         1    0.9952    0.6729   0.02401  0.005086         0
   148/299     1.57G    0.0278   0.01283         0   0.04064        10       640    0.9998         1    0.9952    0.6718   0.02291  0.005068         0
   149/299     1.57G   0.02919   0.01224         0   0.04143         8       640         1         1    0.9951    0.7115   0.02338  0.004985         0
   150/299     1.57G   0.02846   0.01274         0    0.0412         6       640    0.9998         1    0.9951    0.7238   0.02355  0.005076         0
   151/299     1.57G   0.02956   0.01268         0   0.04223        11       640         1    0.9999    0.9951    0.6786   0.02427  0.005211         0
   152/299     1.57G   0.03112   0.01035         0   0.04147         5       640    0.9999         1    0.9951    0.5725   0.03134  0.005178         0
   153/299     1.57G   0.03466   0.01148         0   0.04614         3       640         1    0.9999    0.9951    0.5053   0.03242  0.005218         0
   154/299     1.57G    0.0409   0.01325         0   0.05414        16       640    0.9998         1    0.9952    0.6447   0.02349  0.005022         0
   155/299     1.57G   0.02792   0.01187         0   0.03978         6       640    0.9998         1    0.9952    0.6817   0.02356  0.004927         0
   156/299     1.57G   0.02828    0.0131         0   0.04137        11       640         1         1    0.9952    0.6657   0.02285  0.004846         0
   157/299     1.57G   0.02801   0.01236         0   0.04036         7       640         1         1    0.9952    0.6617   0.02355   0.00468         0
   158/299     1.57G   0.02664   0.01304         0   0.03967         8       640    0.9999         1    0.9952    0.7031   0.02464  0.004562         0
   159/299     1.57G   0.02823   0.01113         0   0.03937         6       640    0.9999         1    0.9952     0.676   0.02582  0.004478         0
   160/299     1.57G   0.02653   0.01127         0   0.03781        11       640         1         1    0.9951    0.6711    0.0236  0.004472         0
   161/299     1.57G   0.02925   0.01058         0   0.03982         7       640    0.9998         1    0.9951    0.6286   0.02748  0.004668         0
   162/299     1.57G   0.03681   0.01186         0   0.04867        13       640    0.9999         1    0.9952    0.5799   0.02856  0.004504         0
   163/299     1.57G   0.03383   0.01124         0   0.04507        10       640    0.9999         1    0.9952    0.7147    0.0219  0.004492         0
   164/299     1.57G   0.02707   0.01034         0   0.03741         7       640         1         1    0.9952    0.6806   0.02238   0.00453         0
   165/299     1.57G   0.02536   0.01008         0   0.03544         5       640    0.9999         1    0.9952    0.7157    0.0228  0.004623         0
   166/299     1.57G   0.02678   0.01105         0   0.03783         6       640         1         1    0.9952    0.7013   0.02429  0.004695         0
   167/299     1.57G   0.02686   0.01138         0   0.03824         6       640    0.9999         1    0.9952    0.7094   0.02435  0.004642         0
   168/299     1.57G   0.02896   0.01219         0   0.04114        11       640    0.9998         1    0.9952    0.7225   0.02376  0.004359         0
   169/299     1.57G   0.02846   0.01084         0    0.0393        11       640    0.9999         1    0.9952    0.5712   0.03007  0.004458         0
   170/299     1.57G   0.03414   0.01123         0   0.04537         7       640    0.9999         1    0.9952    0.7127   0.02917  0.004376         0
   171/299     1.57G   0.02838   0.01155         0   0.03993         5       640    0.9998         1    0.9952    0.7559    0.0238  0.004423         0
   172/299     1.57G   0.02809   0.01054         0   0.03864        11       640    0.9998         1    0.9953    0.7504   0.02196  0.004462         0
   173/299     1.57G   0.02634   0.01078         0   0.03712         8       640    0.9999         1    0.9953    0.7046   0.02244  0.004541         0
   174/299     1.57G   0.02925   0.01057         0   0.03982         5       640    0.9998         1    0.9953    0.7351   0.02194    0.0045         0
   175/299     1.57G   0.02697   0.01046         0   0.03743        10       640    0.9998         1    0.9953    0.7026   0.02175  0.004474         0
   176/299     1.57G   0.02752   0.01047         0   0.03799        10       640    0.9998         1    0.9953    0.6739    0.0253  0.004546         0
   177/299     1.57G   0.02837   0.01124         0   0.03961         9       640    0.9999         1    0.9953    0.6237   0.02933  0.004665         0
   178/299     1.57G   0.03281   0.01132         0   0.04413         9       640    0.9997         1    0.9952    0.7147   0.02496  0.004489         0
   179/299     1.57G   0.02508   0.01087         0   0.03595         6       640    0.9998         1    0.9953    0.7267   0.02302   0.00437         0
   180/299     1.57G    0.0254   0.01166         0   0.03706         9       640         1         1    0.9953    0.6738   0.02434  0.004386         0
   181/299     1.57G   0.02501   0.01151         0   0.03652        13       640         1    0.9999    0.9953    0.7179   0.02451  0.004304         0
   182/299     1.57G   0.02566   0.01004         0   0.03569         7       640         1    0.9999    0.9953    0.6853   0.02428  0.004277         0
   183/299     1.57G   0.02672   0.01045         0   0.03717         7       640    0.9999         1    0.9953    0.6668   0.02517  0.004266         0
   184/299     1.57G   0.02389  0.009549         0   0.03343        10       640    0.9998         1    0.9953     0.717   0.02401  0.004201         0
   185/299     1.57G   0.02672   0.01001         0   0.03673        11       640    0.9999         1    0.9953    0.5983   0.03063   0.00438         0
   186/299     1.57G   0.03014  0.009447         0   0.03958         6       640    0.9998         1    0.9953    0.7123   0.02301  0.004207         0
   187/299     1.57G   0.02402   0.01043         0   0.03445         7       640         1         1    0.9953    0.6757   0.02388  0.004299         0
   188/299     1.57G   0.02531    0.0104         0   0.03571         7       640    0.9999         1    0.9954    0.6565   0.02266  0.004285         0
   189/299     1.57G   0.02213   0.01044         0   0.03257         7       640    0.9998         1    0.9953    0.6565   0.02265  0.004239         0
   190/299     1.57G   0.02401  0.008175         0   0.03219         9       640    0.9999         1    0.9953    0.6608   0.02373  0.004257         0
   191/299     1.57G   0.02431   0.01133         0   0.03564        10       640    0.9999         1    0.9953    0.6621   0.02314  0.004225         0
   192/299     1.57G   0.02188  0.009137         0   0.03102        12       640    0.9998         1    0.9953    0.6376   0.02636  0.004348         0
   193/299     1.57G   0.02654   0.01083         0   0.03737        13       640    0.9999         1    0.9953    0.6526   0.02404  0.004245         0
   194/299     1.57G   0.02981   0.01082         0   0.04063         8       640    0.9998         1    0.9953      0.61   0.02903  0.004472         0
   195/299     1.57G   0.02658  0.009077         0   0.03565        10       640    0.9998         1    0.9953    0.7064    0.0234   0.00434         0
   196/299     1.57G   0.02077  0.008802         0   0.02957         6       640    0.9998         1    0.9953    0.7019   0.02352  0.004301         0
   197/299     1.57G   0.02266  0.009153         0   0.03181        10       640    0.9999         1    0.9953    0.7039    0.0216  0.004297         0
   198/299     1.57G   0.02232   0.01039         0   0.03271         8       640    0.9999         1    0.9953    0.7512   0.02246  0.004267         0
   199/299     1.57G   0.02408  0.009947         0   0.03403         8       640    0.9999         1    0.9953    0.6958   0.02312  0.004272         0
   200/299     1.57G   0.02412  0.009858         0   0.03398         8       640    0.9998         1    0.9953    0.7072   0.02308  0.004613         0
   201/299     1.57G   0.02602   0.01094         0   0.03696        10       640         1         1    0.9954    0.6171   0.02721  0.004518         0
   202/299     1.57G    0.0269  0.009318         0   0.03622         8       640         1         1    0.9953    0.6871   0.02308  0.004557         0
   203/299     1.57G   0.02443  0.009561         0   0.03399        10       640    0.9998         1    0.9954    0.6756   0.02464   0.00458         0
   204/299     1.57G   0.02178  0.009799         0   0.03158         7       640    0.9998         1    0.9954    0.6756   0.02468  0.004543         0
   205/299     1.57G   0.02334   0.01044         0   0.03378        10       640         1         1    0.9954     0.639   0.02665  0.004541         0
   206/299     1.57G   0.02453  0.009901         0   0.03443        11       640    0.9998         1    0.9955    0.6391   0.02736  0.004532         0
   207/299     1.57G   0.02335  0.008729         0   0.03208         7       640         1         1    0.9955    0.6391   0.02785  0.004545         0
   208/299     1.57G   0.02423  0.009454         0   0.03369         9       640    0.9999         1    0.9955    0.6663    0.0262  0.004474         0
   209/299     1.57G   0.02229  0.008474         0   0.03077         4       640    0.9999         1    0.9955    0.6719   0.02651  0.004374         0
   210/299     1.57G   0.02642  0.009753         0   0.03618         8       640    0.9999         1    0.9955    0.7179    0.0237  0.004304         0
   211/299     1.57G   0.02275  0.008244         0     0.031         3       640    0.9998         1    0.9955     0.662   0.02457  0.004256         0
   212/299     1.57G   0.02264   0.01009         0   0.03273        11       640    0.9998         1    0.9956    0.7238   0.02206  0.004121         0
   213/299     1.57G   0.02298  0.009108         0   0.03209         8       640    0.9999         1    0.9956    0.7037   0.02189  0.004059         0
   214/299     1.57G   0.02045  0.009064         0   0.02951         7       640    0.9999         1    0.9956    0.7455   0.02154   0.00398         0
   215/299     1.57G   0.02153  0.008279         0   0.02981         8       640    0.9999         1    0.9955    0.7455   0.02148  0.003929         0
   216/299     1.57G   0.02365   0.01004         0   0.03369        10       640    0.9999         1    0.9955    0.7673   0.02033  0.003953         0
   217/299     1.57G   0.02099   0.01032         0    0.0313         7       640    0.9998         1    0.9956    0.7194   0.02369  0.004078         0
   218/299     1.57G    0.0237  0.009121         0   0.03282        10       640         1         1    0.9956    0.7674   0.02107  0.003896         0
   219/299     1.57G   0.02034  0.009554         0   0.02989         7       640         1         1    0.9956    0.7666   0.02165  0.003963         0
   220/299     1.57G   0.01876   0.01005         0   0.02882         7       640    0.9999         1    0.9957    0.7333   0.02145  0.004013         0
   221/299     1.57G   0.02019  0.009024         0   0.02921         9       640         1         1    0.9956    0.7568   0.02237  0.004003         0
   222/299     1.57G   0.02068  0.008249         0   0.02893        10       640    0.9999         1    0.9955    0.7713   0.02206  0.003994         0
   223/299     1.57G    0.0202  0.009504         0    0.0297         6       640         1         1    0.9954    0.7477   0.02163  0.003985         0
   224/299     1.57G   0.02082  0.009022         0   0.02984        13       640    0.9998         1    0.9955     0.718   0.02248  0.003954         0
   225/299     1.57G   0.02197  0.008319         0   0.03029         8       640         1         1    0.9955     0.725   0.02357  0.004039         0
   226/299     1.57G   0.02454  0.008574         0   0.03311         6       640    0.9999         1    0.9955    0.7514   0.02251  0.003957         0
   227/299     1.57G   0.02129  0.009134         0   0.03043         7       640         1         1    0.9955    0.7427    0.0234  0.004045         0
   228/299     1.57G   0.02065   0.00835         0     0.029         6       640    0.9999         1    0.9955     0.748   0.02175  0.003923         0
   229/299     1.57G   0.01985  0.009353         0    0.0292        10       640    0.9999         1    0.9955    0.7451   0.02089  0.003822         0
   230/299     1.57G   0.02221  0.008893         0   0.03111         9       640    0.9999         1    0.9955    0.7231   0.02066  0.003833         0
   231/299     1.57G   0.02026  0.007891         0   0.02815         4       640         1         1    0.9955    0.7507   0.02042   0.00388         0
   232/299     1.57G   0.02118   0.00935         0   0.03052         8       640    0.9999         1    0.9955    0.7447   0.02018  0.003862         0
   233/299     1.57G   0.02171  0.008525         0   0.03023         4       640    0.9998         1    0.9955    0.7234   0.01993  0.003793         0
   234/299     1.57G   0.02059  0.008887         0   0.02948        12       640         1         1    0.9954    0.7065   0.02064  0.003796         0
   235/299     1.57G   0.02069  0.008168         0   0.02885         6       640    0.9998         1    0.9954    0.7196   0.01969  0.003778         0
   236/299     1.57G   0.01791  0.008576         0   0.02649        11       640    0.9998         1    0.9954    0.7177   0.01959  0.003844         0
   237/299     1.57G    0.0191  0.009117         0   0.02822         9       640    0.9999         1    0.9954    0.7318   0.01895  0.003861         0
   238/299     1.57G   0.02038  0.009129         0   0.02951        10       640    0.9999         1    0.9954    0.7308   0.01927   0.00393         0
   239/299     1.57G   0.01921  0.008978         0   0.02819         8       640    0.9998         1    0.9954    0.7448   0.01932  0.003989         0
   240/299     1.57G   0.02154  0.008259         0    0.0298         9       640    0.9999         1    0.9955    0.7072   0.02099  0.003995         0
   241/299     1.57G   0.02243  0.008229         0   0.03066         5       640    0.9999         1    0.9955    0.6997   0.02196  0.004134         0
   242/299     1.57G   0.02692  0.009514         0   0.03643        11       640         1         1    0.9956    0.7053   0.02028  0.004099         0
   243/299     1.57G   0.01966  0.009275         0   0.02894        10       640    0.9999         1    0.9956    0.6959   0.01903  0.004078         0
   244/299     1.57G   0.01901  0.007684         0   0.02669         8       640         1         1    0.9956    0.7201   0.01969  0.004149         0
   245/299     1.57G   0.01886  0.007426         0   0.02629         6       640    0.9999         1    0.9955    0.7081   0.01958  0.004187         0
   246/299     1.57G   0.01853  0.007952         0   0.02649         5       640    0.9999         1    0.9954    0.7252   0.02018  0.004262         0
   247/299     1.57G   0.01856  0.008712         0   0.02727         8       640    0.9999         1    0.9954     0.708   0.02088  0.004319         0
   248/299     1.57G   0.01911  0.008787         0    0.0279         8       640    0.9999         1    0.9954    0.7155    0.0213  0.004383         0
   249/299     1.57G   0.02146   0.01004         0   0.03149         9       640    0.9999         1    0.9955    0.6958   0.02109  0.004359         0
   250/299     1.57G   0.02167   0.00833         0      0.03         6       640    0.9999         1    0.9955    0.7318   0.02147  0.004277         0
   251/299     1.57G   0.01943  0.007966         0   0.02739         7       640         1         1    0.9955    0.7291    0.0209  0.004163         0
   252/299     1.57G   0.01765  0.008518         0   0.02617         6       640         1         1    0.9955    0.7217   0.02112  0.004163         0
   253/299     1.57G   0.01946  0.009092         0   0.02855        11       640    0.9999         1    0.9955    0.7217   0.02094  0.004194         0
   254/299     1.57G   0.01781  0.009331         0   0.02714        13       640         1         1    0.9955    0.7159   0.02148  0.004254         0
   255/299     1.57G   0.01735  0.007462         0   0.02481         5       640         1         1    0.9955    0.7032   0.02195  0.004341         0
   256/299     1.57G   0.01961  0.008549         0   0.02815         8       640    0.9999         1    0.9954    0.7018   0.02188  0.004358         0
   257/299     1.57G   0.01993  0.009984         0   0.02992        13       640    0.9999         1    0.9953    0.6972   0.02097  0.004415         0
   258/299     1.57G    0.0214  0.008609         0   0.03001         8       640    0.9999         1    0.9954    0.7252   0.01938  0.004151         0
   259/299     1.57G   0.01783   0.00824         0   0.02607         4       640    0.9999         1    0.9953    0.7166   0.01954  0.004042         0
   260/299     1.57G   0.01849  0.008522         0   0.02701         6       640         1         1    0.9954    0.7263   0.01885  0.003933         0
   261/299     1.57G    0.0165  0.007624         0   0.02412         6       640         1         1    0.9954    0.7284   0.01873  0.003883         0
   262/299     1.57G    0.0192  0.007732         0   0.02693         5       640    0.9999         1    0.9954    0.7308   0.01895  0.003854         0
   263/299     1.57G   0.01727   0.00797         0   0.02524         6       640    0.9999         1    0.9954    0.7403   0.01908  0.003847         0
   264/299     1.57G   0.01893  0.008794         0   0.02772         8       640    0.9999         1    0.9954    0.7521   0.01869  0.003839         0
   265/299     1.57G   0.01741  0.007844         0   0.02526        13       640    0.9999         1    0.9954    0.7229   0.01925  0.003864         0
   266/299     1.57G   0.02011   0.00895         0   0.02906         8       640    0.9999         1    0.9954    0.7311   0.01826  0.003856         0
   267/299     1.57G   0.01845  0.008506         0   0.02695         7       640    0.9999         1    0.9954    0.7045   0.01839  0.003975         0
   268/299     1.57G   0.01779  0.008577         0   0.02637        12       640    0.9999         1    0.9954    0.7308   0.01844  0.004011         0
   269/299     1.57G   0.01765  0.007837         0   0.02548         5       640    0.9999         1    0.9954     0.726   0.01861  0.004109         0
   270/299     1.57G   0.01592  0.007978         0    0.0239        10       640    0.9999         1    0.9954    0.7219   0.01858  0.004168         0
   271/299     1.57G   0.02191  0.008017         0   0.02992         7       640    0.9999         1    0.9954    0.7219   0.01896  0.004238         0
   272/299     1.57G   0.01883  0.009056         0   0.02789        10       640    0.9999         1    0.9954    0.7076   0.01943  0.004369         0
   273/299     1.57G   0.01999  0.008329         0   0.02832        10       640         1         1    0.9954    0.7321   0.01844  0.004293         0
   274/299     1.57G    0.0186  0.008541         0   0.02714        10       640    0.9999         1    0.9955    0.7019   0.02007  0.004289         0
   275/299     1.57G   0.01983  0.008459         0   0.02829        12       640    0.9999         1    0.9955    0.7179   0.01924  0.004333         0
   276/299     1.57G   0.01899  0.007958         0   0.02694         7       640         1         1    0.9956    0.7159    0.0191  0.004217         0
   277/299     1.57G   0.01813  0.008998         0   0.02713         6       640         1         1    0.9956    0.7159   0.01894  0.004182         0
   278/299     1.57G    0.0201  0.008431         0   0.02854         8       640    0.9999         1    0.9956    0.7004   0.01926  0.004181         0
   279/299     1.57G   0.01592  0.007827         0   0.02374        11       640    0.9999         1    0.9956    0.7276   0.01932  0.004164         0
   280/299     1.57G   0.01934  0.007374         0   0.02671         9       640    0.9999         1    0.9957    0.7075   0.01955  0.004218         0
   281/299     1.57G   0.01909  0.007808         0    0.0269        13       640         1         1    0.9957    0.7199   0.02129  0.004307         0
   282/299     1.57G   0.01814  0.007794         0   0.02593         6       640    0.9999         1    0.9956    0.7232   0.02119  0.004393         0
   283/299     1.57G   0.01812  0.007825         0   0.02594         7       640    0.9999         1    0.9955    0.7154   0.02095  0.004355         0
   284/299     1.57G   0.01893  0.007983         0   0.02691         7       640         1         1    0.9954    0.7153   0.02047  0.004364         0
   285/299     1.57G   0.01509  0.007416         0   0.02251        16       640    0.9999         1    0.9954    0.7137   0.02034  0.004294         0
   286/299     1.57G   0.01848   0.00786         0   0.02634         9       640    0.9999         1    0.9953    0.7095   0.02114  0.004311         0
   287/299     1.57G   0.01973  0.007585         0   0.02732         5       640         1    0.9999    0.9953    0.6812    0.0218  0.004316         0
   288/299     1.57G   0.01716  0.007435         0    0.0246         5       640         1         1    0.9954    0.7164    0.0213  0.004199         0
   289/299     1.57G   0.02134  0.008726         0   0.03006         9       640         1         1    0.9954    0.6732   0.02204  0.004274         0
   290/299     1.57G   0.02137  0.008377         0   0.02975         8       640         1         1    0.9954    0.7257   0.02058  0.004086         0
   291/299     1.57G   0.01788  0.007383         0   0.02526         6       640    0.9999         1    0.9954    0.6954   0.02112  0.004089         0
   292/299     1.57G   0.02131  0.007233         0   0.02854         8       640    0.9999         1    0.9954    0.7022   0.01967  0.003955         0
   293/299     1.57G   0.01859  0.007435         0   0.02602         5       640    0.9999         1    0.9955    0.7297   0.01969  0.003939         0
   294/299     1.57G   0.01762  0.008081         0    0.0257         8       640         1         1    0.9955    0.7457   0.01926  0.003916         0
   295/299     1.57G    0.0185  0.008109         0    0.0266         8       640         1         1    0.9955    0.7257   0.01931  0.003951         0
   296/299     1.57G    0.0167  0.007219         0   0.02392         3       640    0.9999         1    0.9956    0.7312   0.01953  0.004014         0
   297/299     1.57G   0.01645  0.007421         0   0.02387         7       640         1         1    0.9956    0.7094   0.01953  0.004033         0
   298/299     1.57G   0.02036  0.007727         0   0.02809         8       640         1         1    0.9955    0.7312   0.01987  0.003987         0
   299/299     1.57G   0.01669  0.007978         0   0.02467        10       640         1         1    0.9956    0.7136   0.01985  0.003957         0
