3 1 2 59 202 416 -1 -1 -1 -1 
3 2 154 131 365 348 -1 -1 -1 -1 
3 3 256 264 14 39 -1 -1 -1 -1 
4 1 1 59 202 414 -1 -1 -1 -1 
4 2 143 130 374 349 -1 -1 -1 -1 
4 3 256 265 14 37 -1 -1 -1 -1 
4 4 230 251 18 54 -1 -1 -1 -1 
5 1 2 59 201 415 -1 -1 -1 -1 
5 2 137 127 377 351 -1 -1 -1 -1 
5 3 256 265 14 38 -1 -1 -1 -1 
5 4 229 249 21 58 -1 -1 -1 -1 
6 1 1 59 203 416 -1 -1 -1 -1 
6 2 123 125 384 350 -1 -1 -1 -1 
6 3 256 265 14 36 -1 -1 -1 -1 
6 4 229 250 21 55 -1 -1 -1 -1 
7 1 1 58 202 417 -1 -1 -1 -1 
7 2 105 124 400 352 -1 -1 -1 -1 
7 3 256 265 14 36 -1 -1 -1 -1 
8 1 1 62 207 415 -1 -1 -1 -1 
8 2 104 123 409 352 -1 -1 -1 -1 
8 4 230 251 18 53 -1 -1 -1 -1 
9 1 1 61 211 418 -1 -1 -1 -1 
9 2 98 121 418 353 -1 -1 -1 -1 
9 4 229 250 21 54 -1 -1 -1 -1 
10 1 1 60 213 419 -1 -1 -1 -1 
10 2 112 123 404 352 -1 -1 -1 -1 
10 4 229 249 19 56 -1 -1 -1 -1 
11 1 2 61 215 418 -1 -1 -1 -1 
11 2 112 123 400 353 -1 -1 -1 -1 
11 4 229 250 20 55 -1 -1 -1 -1 
12 1 2 60 221 419 -1 -1 -1 -1 
12 2 106 127 408 350 -1 -1 -1 -1 
12 4 228 248 25 55 -1 -1 -1 -1 
13 1 5 72 229 407 -1 -1 -1 -1 
13 2 90 124 426 351 -1 -1 -1 -1 
14 1 3 68 249 404 -1 -1 -1 -1 
14 2 97 122 402 355 -1 -1 -1 -1 
15 1 14 59 236 388 -1 -1 -1 -1 
15 2 92 127 416 350 -1 -1 -1 -1 
16 1 13 59 236 391 -1 -1 -1 -1 
16 2 97 124 414 353 -1 -1 -1 -1 
17 1 15 61 241 407 -1 -1 -1 -1 
17 2 96 122 412 354 -1 -1 -1 -1 
17 5 0 166 39 310 -1 -1 -1 -1 
18 1 16 64 230 404 -1 -1 -1 -1 
18 2 97 123 413 354 -1 -1 -1 -1 
18 5 0 166 44 306 -1 -1 -1 -1 
19 1 16 58 218 398 -1 -1 -1 -1 
19 2 100 127 405 350 -1 -1 -1 -1 
19 5 0 165 52 305 -1 -1 -1 -1 
20 1 13 61 221 410 -1 -1 -1 -1 
20 2 110 126 392 350 -1 -1 -1 -1 
20 5 0 148 71 330 -1 -1 -1 -1 
21 1 5 61 223 409 -1 -1 -1 -1 
21 2 104 126 401 350 -1 -1 -1 -1 
21 5 0 140 62 327 -1 -1 -1 -1 
22 1 2 61 224 413 -1 -1 -1 -1 
22 2 104 126 396 351 -1 -1 -1 -1 
22 5 0 133 54 334 -1 -1 -1 -1 
23 1 0 61 234 414 -1 -1 -1 -1 
23 2 90 124 420 352 -1 -1 -1 -1 
24 1 1 57 246 419 -1 -1 -1 -1 
24 2 95 124 413 353 -1 -1 -1 -1 
25 1 2 52 241 427 -1 -1 -1 -1 
25 2 118 125 389 352 -1 -1 -1 -1 
26 1 3 56 290 422 -1 -1 -1 -1 
26 2 88 109 431 367 -1 -1 -1 -1 
27 1 2 49 278 429 -1 -1 -1 -1 
27 2 80 113 442 363 -1 -1 -1 -1 
28 1 0 56 286 419 -1 -1 -1 -1 
28 2 72 111 447 366 -1 -1 -1 -1 
29 1 0 56 268 422 -1 -1 -1 -1 
29 2 90 112 427 365 -1 -1 -1 -1 
30 1 1 59 214 416 -1 -1 -1 -1 
30 2 107 125 403 352 -1 -1 -1 -1 
31 1 1 74 227 400 -1 -1 -1 -1 
31 2 110 125 409 352 -1 -1 -1 -1 
32 1 2 86 224 388 -1 -1 -1 -1 
32 2 116 126 397 352 -1 -1 -1 -1 
33 1 7 60 206 414 -1 -1 -1 -1 
33 2 91 125 428 350 -1 -1 -1 -1 
34 1 6 71 191 403 -1 -1 -1 -1 
34 2 119 125 394 351 -1 -1 -1 -1 
35 1 8 77 177 395 -1 -1 -1 -1 
35 2 87 129 427 348 -1 -1 -1 -1 
36 1 0 74 201 402 -1 -1 -1 -1 
36 2 106 130 407 346 -1 -1 -1 -1 
37 1 1 62 181 417 -1 -1 -1 -1 
37 2 136 128 383 347 -1 -1 -1 -1 
38 1 0 61 210 417 -1 -1 -1 -1 
38 2 143 129 373 347 -1 -1 -1 -1 
39 1 0 80 219 399 -1 -1 -1 -1 
39 2 133 127 385 349 -1 -1 -1 -1 
40 1 0 64 220 415 -1 -1 -1 -1 
40 2 135 131 384 345 -1 -1 -1 -1 
41 1 0 64 220 415 -1 -1 -1 -1 
41 2 134 131 383 345 -1 -1 -1 -1 
42 2 139 128 378 348 -1 -1 -1 -1 
42 5 1 115 136 361 -1 -1 -1 -1 
43 2 137 129 381 347 -1 -1 -1 -1 
43 5 4 68 140 405 -1 -1 -1 -1 
44 2 129 131 387 344 -1 -1 -1 -1 
44 5 3 64 142 393 -1 -1 -1 -1 
45 2 117 129 402 347 -1 -1 -1 -1 
45 5 2 68 146 397 -1 -1 -1 -1 
46 2 115 131 403 346 -1 -1 -1 -1 
46 5 3 66 157 394 -1 -1 -1 -1 
47 2 109 132 407 344 -1 -1 -1 -1 
47 5 7 67 161 403 -1 -1 -1 -1 
48 2 110 131 412 345 -1 -1 -1 -1 
48 5 8 71 160 395 -1 -1 -1 -1 
49 2 108 131 409 345 -1 -1 -1 -1 
49 4 229 248 20 57 -1 -1 -1 -1 
49 5 10 66 158 390 -1 -1 -1 -1 
50 2 98 130 416 347 -1 -1 -1 -1 
50 4 229 248 20 57 -1 -1 -1 -1 
51 2 106 131 414 346 -1 -1 -1 -1 
51 5 10 67 159 397 -1 -1 -1 -1 
52 2 117 130 404 347 -1 -1 -1 -1 
52 5 11 70 180 388 -1 -1 -1 -1 
53 2 106 131 411 348 -1 -1 -1 -1 
53 5 4 67 201 398 -1 -1 -1 -1 
54 2 104 131 410 347 -1 -1 -1 -1 
54 5 9 72 165 400 -1 -1 -1 -1 
55 2 104 131 410 347 -1 -1 -1 -1 
55 5 6 64 170 399 -1 -1 -1 -1 
56 2 105 131 410 347 -1 -1 -1 -1 
56 5 5 68 165 399 -1 -1 -1 -1 
57 2 92 132 423 345 -1 -1 -1 -1 
57 5 4 65 168 411 -1 -1 -1 -1 
58 2 90 133 424 346 -1 -1 -1 -1 
58 5 3 70 166 408 -1 -1 -1 -1 
59 2 99 135 419 343 -1 -1 -1 -1 
59 5 1 64 159 415 -1 -1 -1 -1 
60 2 99 138 422 341 -1 -1 -1 -1 
60 5 1 70 144 405 -1 -1 -1 -1 
61 2 94 139 420 340 -1 -1 -1 -1 
61 5 0 73 137 404 -1 -1 -1 -1 
62 2 83 138 435 340 -1 -1 -1 -1 
62 5 0 66 135 405 -1 -1 -1 -1 
63 2 90 142 428 336 -1 -1 -1 -1 
63 5 0 62 132 410 -1 -1 -1 -1 
64 2 97 141 424 337 -1 -1 -1 -1 
64 5 1 61 119 408 -1 -1 -1 -1 
65 2 78 138 439 340 -1 -1 -1 -1 
65 5 1 69 114 403 -1 -1 -1 -1 
66 2 93 137 424 341 -1 -1 -1 -1 
66 5 1 56 113 419 -1 -1 -1 -1 
67 2 97 136 419 342 -1 -1 -1 -1 
67 5 0 57 107 419 -1 -1 -1 -1 
68 2 104 134 411 344 -1 -1 -1 -1 
68 5 0 53 103 426 -1 -1 -1 -1 
69 2 97 137 420 342 -1 -1 -1 -1 
69 5 0 56 101 423 -1 -1 -1 -1 
70 2 103 133 412 345 -1 -1 -1 -1 
70 5 1 58 99 408 -1 -1 -1 -1 
71 2 102 134 410 344 -1 -1 -1 -1 
71 5 1 73 92 406 -1 -1 -1 -1 
72 2 85 135 428 343 -1 -1 -1 -1 
72 5 0 84 93 395 -1 -1 -1 -1 
73 2 97 135 418 342 -1 -1 -1 -1 
73 5 0 126 91 352 -1 -1 -1 -1 
74 2 96 131 414 347 -1 -1 -1 -1 
74 5 1 129 91 349 -1 -1 -1 -1 
75 2 99 133 416 345 -1 -1 -1 -1 
75 5 0 71 91 408 -1 -1 -1 -1 
76 2 87 132 427 346 -1 -1 -1 -1 
76 5 1 122 89 357 -1 -1 -1 -1 
77 2 100 130 413 349 -1 -1 -1 -1 
77 5 1 89 89 390 -1 -1 -1 -1 
78 2 115 130 400 348 -1 -1 -1 -1 
78 5 1 63 90 415 -1 -1 -1 -1 
79 2 112 130 405 348 -1 -1 -1 -1 
79 5 1 72 92 407 -1 -1 -1 -1 
80 2 106 130 410 349 -1 -1 -1 -1 
80 5 0 61 97 415 -1 -1 -1 -1 
81 2 118 129 397 350 -1 -1 -1 -1 
81 5 0 57 100 422 -1 -1 -1 -1 
82 2 125 128 393 350 -1 -1 -1 -1 
82 4 229 249 18 57 -1 -1 -1 -1 
82 5 0 64 100 413 -1 -1 -1 -1 
83 2 128 129 390 349 -1 -1 -1 -1 
83 4 229 249 18 57 -1 -1 -1 -1 
84 2 116 128 400 349 -1 -1 -1 -1 
84 5 0 61 103 415 -1 -1 -1 -1 
85 2 110 128 408 348 -1 -1 -1 -1 
85 4 229 249 23 57 -1 -1 -1 -1 
85 5 0 59 111 414 -1 -1 -1 -1 
86 2 120 127 401 350 -1 -1 -1 -1 
86 4 229 249 20 56 -1 -1 -1 -1 
86 5 0 53 111 424 -1 -1 -1 -1 
87 2 115 129 402 349 -1 -1 -1 -1 
87 4 229 250 18 55 -1 -1 -1 -1 
87 5 1 59 104 420 -1 -1 -1 -1 
88 2 114 129 398 348 -1 -1 -1 -1 
88 4 229 249 20 55 -1 -1 -1 -1 
88 5 0 54 104 421 -1 -1 -1 -1 
89 2 130 128 392 350 -1 -1 -1 -1 
89 4 229 250 19 55 -1 -1 -1 -1 
89 5 0 60 101 419 -1 -1 -1 -1 
90 2 118 130 398 347 -1 -1 -1 -1 
90 4 229 249 20 56 -1 -1 -1 -1 
90 5 0 61 98 417 -1 -1 -1 -1 
91 2 126 129 388 349 -1 -1 -1 -1 
91 4 229 249 20 57 -1 -1 -1 -1 
91 5 1 58 93 421 -1 -1 -1 -1 
92 2 135 128 384 350 -1 -1 -1 -1 
92 4 230 251 18 53 -1 -1 -1 -1 
92 5 1 119 85 360 -1 -1 -1 -1 
93 2 118 128 400 349 -1 -1 -1 -1 
93 4 229 249 20 56 -1 -1 -1 -1 
93 5 0 127 85 351 -1 -1 -1 -1 
94 2 115 131 401 346 -1 -1 -1 -1 
94 4 230 249 19 56 -1 -1 -1 -1 
94 5 1 127 82 352 -1 -1 -1 -1 
95 2 115 131 404 346 -1 -1 -1 -1 
95 4 230 250 19 55 -1 -1 -1 -1 
95 5 1 126 82 352 -1 -1 -1 -1 
96 2 120 130 400 346 -1 -1 -1 -1 
96 4 229 249 20 56 -1 -1 -1 -1 
96 5 1 124 79 354 -1 -1 -1 -1 
97 2 131 129 388 348 -1 -1 -1 -1 
97 4 229 249 20 56 -1 -1 -1 -1 
97 5 1 121 77 356 -1 -1 -1 -1 
98 2 120 130 401 347 -1 -1 -1 -1 
98 4 229 250 19 55 -1 -1 -1 -1 
98 5 0 68 76 405 -1 -1 -1 -1 
99 2 111 130 410 347 -1 -1 -1 -1 
99 4 230 249 19 56 -1 -1 -1 -1 
99 5 1 117 74 360 -1 -1 -1 -1 
100 2 131 127 388 350 -1 -1 -1 -1 
100 4 229 249 19 57 -1 -1 -1 -1 
100 5 0 101 76 376 -1 -1 -1 -1 
101 2 113 128 406 349 -1 -1 -1 -1 
101 4 229 249 22 57 -1 -1 -1 -1 
101 5 1 117 73 360 -1 -1 -1 -1 
102 2 128 127 396 350 -1 -1 -1 -1 
102 4 230 249 19 56 -1 -1 -1 -1 
102 5 1 127 74 352 -1 -1 -1 -1 
103 2 132 126 387 352 -1 -1 -1 -1 
103 4 229 249 20 57 -1 -1 -1 -1 
103 5 1 115 72 361 -1 -1 -1 -1 
104 2 121 127 394 351 -1 -1 -1 -1 
104 4 229 249 19 56 -1 -1 -1 -1 
104 5 1 130 72 348 -1 -1 -1 -1 
105 2 121 127 394 351 -1 -1 -1 -1 
105 4 229 249 19 56 -1 -1 -1 -1 
105 5 1 130 72 348 -1 -1 -1 -1 
106 2 118 128 399 350 -1 -1 -1 -1 
106 4 230 250 19 55 -1 -1 -1 -1 
106 5 1 132 72 346 -1 -1 -1 -1 
107 2 134 129 385 348 -1 -1 -1 -1 
107 4 229 250 19 53 -1 -1 -1 -1 
107 5 1 125 75 352 -1 -1 -1 -1 
108 2 128 128 396 350 -1 -1 -1 -1 
108 4 230 249 18 56 -1 -1 -1 -1 
108 5 1 119 73 357 -1 -1 -1 -1 
109 2 115 130 403 347 -1 -1 -1 -1 
109 4 229 249 19 56 -1 -1 -1 -1 
109 5 1 127 72 352 -1 -1 -1 -1 
110 2 118 131 402 347 -1 -1 -1 -1 
110 4 230 249 19 56 -1 -1 -1 -1 
110 5 1 131 71 347 -1 -1 -1 -1 
